867021468
-1
134084614
988185646
489373567
976371285
957494261
-1
692435047
474116404
993282280
905485119
907225485
291172004
-1
810970231
559264554
243880903
-1
639816142
-1
216755367
-1
53483165
936171702
585862415
-1
946258191
747597154
-1
243880903
951047217
373798577
990388602
242095202
160130010
872343397
948232808
640520040
-1
842300404
-1
-1
487761806
936171702
494092823
171724823
-1
621940455
923108767
384870087
433510734
-1
-1
-1
560523804
-1
487761806
263370793
747597154
243880903
539480341
-1
-1
359738130
-1
8192
280261902
829977023
-1
744686787
-1
936761609
-1
-1
867021468
961554387
-1
980777197
210575101
-1
279632277
-1
559264554
559264554
329376018
872343397
343449646
562080146
976371285
-1
829977023
495194301
-1
216755367
-1
898961331
-1
691690149
-1
-1
734042929
487761806
-1
540032506
905485119
-1
914988515
-1
-1
902094427
539480341
216755367
892516375
-1
639816142
-1
978747134
474116404
659954039
-1
-1
-1
-1
892516375
-1
-1
957494261
829977023
121047601
810970231
658752036
-1
-1
319908071
257803831
-1
-1
804188847
734042929
140130951
-1
-1
-1
373798577
-1
-1
744686787
-1
-1
936761609
302643777
121047601
810970231
946258191
896465609
279632277
-1
-1
-1
-1
905485119
980777197
914988515
-1
988185646
-1
-1
659954039
769740174
658752036
-1
67042307
213932660
468085851
-1
157921350
134084614
-1
-1
53483165
325660946
-1
237058202
-1
975523612
468085851
896465609
855730640
-1
-1
1
744686787
-1
268169228
-1
936171702
631685400
-1
242095202
980777197
291172004
80065005
-1
-1
487761806
-1
872343397
-1
242095202
-1
268198252
140130951
-1
-1
991121103
67049563
291172004
560523804
936761609
536396504
846217527
-1
-1
804188847
-1
993282280
562080146
608377687
468085851
291172004
121047601
106966330
-1
-1
-1
902094427
-1
216755367
489373567
-1
-1
540032506
-1
-1
179869065
973129099
914988515
-1
343449646
-1
-1
124861268
-1
914988515
640520040
280261902
384870087
570065479
-1
-1
-1
-1
185921272
570065479
-1
-1
-1
640520040
-1
936171702
-1
-1
433510734
281040073
560523804
-1
-1
976371285
-1
608377687
-1
-1
914988515
-1
-1
140130951
-1
320260020
-1
621940455
-1
-1
-1
279632277
-1
-1
-1
743685088
785032743
-1
658752036
157921350
873523211
-1
33554432
-1
-1
-1
952742563
-1
902094427
711461273
946258191
829977023
-1
686899292
-1
-1
-1
489373567
-1
-1
631685400
810970231
325660946
-1
56075765
905485119
-1
829977023
914988515
734042929
946258191
975523612
489373567
-1
-1
973129099
-1
-1
495194301
867021468
560523804
975523612
-1
-1
902094427
-1
468085851
905485119
855730640
968380808
281040073
744686787
343449646
-1
560523804
-1
-1
-1
639816142
686899292
171724823
-1
-1
383380291
-1
373798577
608377687
280261902
952742563
121047601
-1
-1
976371285
608377687
224303060
-1
-1
-1
-1
570065479
468085851
980777197
533524785
952742563
892516375
-1
-1
-1
268169228
-1
-1
986564553
-1
-1
-1
-1
474116404
976371285
-1
80065005
-1
343449646
-1
980777197
873523211
952742563
-1
-1
957494261
-1
-1
560523804
124160285
-1
562080146
-1
-1
-1
118529101
-1
-1
-1
993282280
216755367
433510734
-1
106966330
468085851
-1
595845303
988185646
533521157
792931211
-1
-1
248320570
242095202
373798577
986564553
268169228
-1
744686787
658752036
343449646
373798577
-1
-1
743685088
608377687
-1
562080146
53483165
-1
582344008
846217527
487761806
957494261
319908071
-1
-1
-1
343449646
747046415
804188847
280261902
-1
-1
-1
-1
-1
651321892
468085851
914988515
-1
986564553
-1
873523211
243880903
489373567
810970231
526741586
990388602
-1
957494261
-1
-1
494092823
993282280
-1
988185646
-1
468085851
829977023
-1
-1
560523804
892516375
-1
975523612
-1
-1
562080146
902094427
621940455
-1
-1
-1
-1
734042929
560523804
-1
-1
468085851
-1
659954039
658752036
608377687
-1
-1
121047601
-1
-1
589934536
792931211
-1
140130951
487761806
951047217
243880903
243880903
747046415
-1
560523804
605287554
-1
-1
243880903
-1
975523612
-1
993282280
-1
-1
-1
829977023
-1
585862415
948232808
-1
-1
747597154
-1
986564553
986564553
157921350
-1
-1
-1
975523612
-1
-1
-1
539480341
621940455
134099126
474116404
914988515
329376018
-1
494092823
-1
281040073
-1
986564553
766760582
957494261
496641140
495194301
279632277
433510734
980777197
140130951
905485119
769740174
248320570
-1
-1
-1
-1
747046415
961554387
237058202
747046415
785032743
-1
-1
280261902
-1
867021468
968380808
-1
-1
905485119
957494261
560523804
-1
692435047
-1
-1
-1
-1
804188847
433510734
-1
608377687
-1
140130951
986564553
639816142
-1
468085851
-1
975523612
621940455
-1
237058202
936761609
769740174
-1
872343397
121047601
562080146
980777197
846217527
-1
-1
804188847
988185646
248320570
-1
237058202
-1
-1
-1
171724823
804188847
-1
121047601
526741586
-1
936171702
-1
373798577
-1
975523612
536338456
-1
-1
936761609
-1
-1
487761806
-1
237058202
-1
766762396
-1
-1
-1
975523612
560523804
118529101
468085851
635008130
242095202
433510734
570065479
484190404
-1
539480341
474116404
804188847
-1
872343397
872343397
976371285
744686787
-1
-1
495194301
-1
495194301
-1
-1
936761609
961554387
-1
-1
-1
216755367
914988515
-1
422922539
-1
570065479
279632277
936171702
-1
-1
810970231
-1
-1
692435047
118529101
533521157
684600801
769740174
936171702
317504065
243880903
-1
-1
-1
121047601
-1
-1
-1
-1
-1
797922655
384870087
-1
946258191
73741817
-1
562080146
-1
867021468
-1
533524785
952742563
-1
582344008
-1
867021468
-1
562080146
-1
-1
980777197
-1
-1
-1
946258191
343449646
905485119
489373567
873523211
-1
621940455
-1
560523804
-1
896465609
973129099
-1
248320570
659954039
-1
-1
-1
872343397
526741586
608377687
936761609
-1
-1
896465609
785032743
-1
160130010
560523804
157921350
810970231
373798577
-1
-1
-1
-1
279632277
873523211
905485119
118529101
-1
769740174
902094427
-1
-1
560523804
734042929
988185646
433510734
-1
-1
-1
-1
872343397
-1
621940455
243880903
476806373
867021468
-1
-1
-1
872343397
621940455
-1
487761806
-1
975523612
536396504
978747134
946258191
948232808
484190404
980777197
-1
975523612
369201595
562080146
-1
533524785
936761609
237058202
290707620
-1
914988515
-1
-1
484190404
905485119
140130951
-1
106966330
164688009
-1
-1
845845078
-1
902094427
-1
268169228
-1
-1
686899292
936761609
-1
-1
562080146
570065479
892516375
489373567
570065479
-1
106966330
371842544
-1
-1
-1
315842700
124160285
-1
978747134
-1
-1
140130951
-1
686899292
213932660
-1
-1
-1
628901919
-1
948232808
213932660
373798577
-1
957494261
422922539
-1
855730640
-1
-1
-1
-1
948232808
-1
-1
53483165
268198252
-1
990388602
769740174
526741586
873523211
769740174
-1
951047217
-1
686899292
-1
845845078
-1
744686787
-1
237058202
873523211
157921350
867021468
-1
106966330
-1
484190404
134099126
747597154
744686787
936171702
-1
-1
892516375
-1
-1
640520040
270016253
-1
373798577
320260020
-1
-1
968380808
-1
320260020
-1
-1
-1
-1
973129099
249722536
-1
489373567
968380808
291172004
433510734
319908071
-1
-1
621940455
-1
-1
-1
976371285
-1
892516375
975523612
-1
-1
-1
711461273
268169228
734042929
-1
496641140
315842700
-1
804188847
243880903
-1
-1
923108767
268198252
560523804
976371285
988185646
608377687
978747134
468085851
-1
-1
-1
-1
829977023
-1
902094427
-1
692435047
